9.9982E-005 0.0267168 0.0029341 9.9982E-005 0.970149
9.997E-005 9.997E-005 9.997E-005 9.997E-005 0.9996
9.999E-005 0.000113362 0.0614411 0.00295726 0.935388
9.997E-005 9.997E-005 9.997E-005 9.997E-005 0.9996
9.9982E-005 0.0254728 9.9982E-005 0.00805361 0.966274
9.997E-005 9.997E-005 9.997E-005 9.997E-005 0.9996
0.0119723 9.9973E-005 9.9973E-005 9.9973E-005 0.987728
9.999E-005 0.0327912 0.0104429 0.00189408 0.954772
9.9973E-005 0.997667 0.00203262 9.9973E-005 9.9973E-005
9.9973E-005 0.990811 9.9973E-005 9.9973E-005 0.00888869
9.9973E-005 0.947678 9.9973E-005 9.9973E-005 0.0520219
9.9982E-005 0.944287 9.9982E-005 0.0217088 0.0338046
9.997E-005 0.9996 9.997E-005 9.997E-005 9.997E-005
9.999E-005 0.960246 0.0141426 0.0185385 0.00697281
9.9973E-005 0.991849 9.9973E-005 0.0078509 9.9973E-005
9.9982E-005 0.961278 9.9982E-005 0.00847444 0.0300478
0.0246685 9.9973E-005 9.9973E-005 0.975032 9.9973E-005
0.0250714 9.9982E-005 9.9982E-005 0.930155 0.044574
9.997E-005 9.997E-005 9.997E-005 0.9996 9.997E-005
9.997E-005 9.997E-005 9.997E-005 0.9996 9.997E-005
0.0236756 0.0158419 9.9991E-005 0.956676 0.00370648
9.997E-005 9.997E-005 9.997E-005 0.9996 9.997E-005
0.33808 0.573813 0.0879074 9.9982E-005 9.9982E-005
0.416253 0.47267 0.110878 9.9982E-005 9.9982E-005
0.321652 0.624197 0.0539507 9.9982E-005 9.9982E-005
0.304579 0.545141 0.142247 9.9991E-005 0.00793313
0.247745 0.548627 0.203428 9.9982E-005 9.9982E-005
0.15963 0.683439 0.15673 9.9982E-005 9.9982E-005
0.284491 0.612844 0.102465 9.9982E-005 9.9982E-005
0.226699 0.650986 0.118125 0.00409097 9.9991E-005
0.863313 0.0423211 0.0784701 0.0157962 9.9991E-005
0.9996 9.997E-005 9.997E-005 9.997E-005 9.997E-005
0.982492 9.9973E-005 9.9973E-005 9.9973E-005 0.0172082
0.952625 0.029823 9.9991E-005 0.00139029 0.0160621
0.932761 0.0188488 0.0333096 0.00972222 0.00535855
0.99949 9.9973E-005 9.9973E-005 9.9973E-005 0.000210567
0.879925 0.0281919 0.0710758 9.9991E-005 0.0207068
0.886808 0.1069 9.9991E-005 0.00532666 0.00086551
0.932989 0.0243346 0.0424767 9.9982E-005 9.9982E-005
0.925252 0.0454699 0.029078 9.9982E-005 9.9982E-005
0.9996 9.997E-005 9.997E-005 9.997E-005 9.997E-005
0.838823 9.9973E-005 0.160877 9.9973E-005 9.9973E-005
0.881528 0.00203345 0.091056 0.025283 9.9991E-005
0.91995 9.9982E-005 0.0741449 0.00570479 9.9982E-005
0.986351 9.9982E-005 9.9982E-005 0.0062701 0.00717904
0.893992 9.9991E-005 0.0831554 0.00739471 0.0153574
9.997E-005 9.997E-005 0.9996 9.997E-005 9.997E-005
0.0230343 9.9973E-005 0.976666 9.9973E-005 9.9973E-005
9.9982E-005 9.9982E-005 0.984437 0.00932761 0.00603542
9.997E-005 9.997E-005 0.9996 9.997E-005 9.997E-005
9.9973E-005 9.9973E-005 0.997055 0.00264461 9.9973E-005
9.9982E-005 0.182675 0.812786 9.9982E-005 0.00433955
9.9973E-005 0.0002588 0.999441 9.9973E-005 9.9973E-005
9.9973E-005 9.9973E-005 0.992912 9.9973E-005 0.00678805
