0.0040783 0.964382 0.0289275 0.00261252
9.998E-005 0.9997 9.998E-005 9.998E-005
9.999E-005 0.938546 0.0487279 0.0126265
9.998E-005 0.9997 9.998E-005 9.998E-005
0.0186517 0.977801 9.9991E-005 0.00344765
9.998E-005 0.9997 9.998E-005 9.998E-005
9.9982E-005 0.994426 0.0053739 9.9982E-005
0.0367752 0.955534 9.9991E-005 0.00759084
0.9997 9.998E-005 9.998E-005 9.998E-005
0.979193 0.0206066 9.9982E-005 9.9982E-005
0.942289 0.0399426 9.9991E-005 0.0176685
0.939226 0.026841 9.9991E-005 0.0338333
0.9997 9.998E-005 9.998E-005 9.998E-005
0.961645 0.0202093 0.00283898 0.0153067
0.992527 9.9982E-005 9.9982E-005 0.00727313
0.967561 0.0322386 9.9982E-005 9.9982E-005
9.9982E-005 9.9982E-005 0.0173237 0.982476
0.00484344 0.0384216 0.0112607 0.945474
9.998E-005 9.998E-005 9.998E-005 0.9997
9.998E-005 9.998E-005 9.998E-005 0.9997
0.0293794 9.9982E-005 9.9982E-005 0.970421
9.998E-005 9.998E-005 9.998E-005 0.9997
0.584216 9.9982E-005 0.415584 9.9982E-005
0.487638 9.9982E-005 0.512162 9.9982E-005
0.609122 9.9982E-005 0.390678 9.9982E-005
0.550064 0.00232362 0.447512 9.9991E-005
0.541208 9.9982E-005 0.458592 9.9982E-005
0.683323 9.9982E-005 0.316477 9.9982E-005
0.62575 9.9982E-005 0.37405 9.9982E-005
0.664658 9.9991E-005 0.331789 0.00345325
0.0495814 9.9991E-005 0.941048 0.00927053
9.9991E-005 0.00621338 0.986149 0.00753813
0.00420265 0.0394163 0.956281 9.9991E-005
0.0546325 0.0271215 0.918146 9.9991E-005
0.0138071 0.0100327 0.968326 0.00783418
0.00286253 0.0244139 0.972624 9.9991E-005
0.0419342 0.0216565 0.919683 0.0167268
0.112375 0.010283 0.864748 0.0125939
0.0422847 9.9982E-005 0.957515 9.9982E-005
0.0633986 9.9982E-005 0.936401 9.9982E-005
9.9991E-005 0.00810374 0.983917 0.0078797
9.9982E-005 9.9982E-005 0.997255 0.0025446
0.0299234 9.9991E-005 0.943899 0.0260776
9.9982E-005 9.9982E-005 0.987259 0.0125411
0.00517379 0.0357211 0.952248 0.00685682
9.9991E-005 0.0320578 0.965209 0.00263299
9.998E-005 9.998E-005 0.9997 9.998E-005
9.9982E-005 9.9982E-005 0.999399 0.000401176
9.9982E-005 9.9982E-005 0.994393 0.00540708
9.9982E-005 9.9982E-005 0.999341 0.000458565
9.9982E-005 9.9982E-005 0.990924 0.00887648
0.223017 9.9982E-005 0.776783 9.9982E-005
9.99811E-005 9.99811E-005 0.9997 9.99811E-005
9.9982E-005 0.00353869 0.996261 9.9982E-005
