0.216571 -0.0449429 0.246176 -0.00969546 -0.00229821 0.0428778 0.0241346 -0.0606854 0.319805 -0.0162771 0.659027 0.00626601 -0.0284415 0.0792076 0.362267 -0.0553694 -0.0289066 -0.187301 0.261527 0.0286323 -0.020366 0.108568 -0.123408 0.0812875 -0.119531 -0.0357988 0.0668444 0.023054 -0.0460028 0.0661316 0.00785986 0.0426028 -0.0102728 -0.00856075 -0.0210875 0.0428688 0.00417512 -0.000930031 -0.00925476 0.00737823 -0.0381055 -0.00380154 0.0462857 0.0766629 -0.0123247 -0.0517972 -0.050131 -0.0150689 0.0216821 0.00335447 0.027903 -0.0134529 0.0155545 -0.136083
0.228855 -0.0246421 0.238591 0.0242574 0.0905959 -0.129748 -0.0624916 0.450917 -0.390203 -0.302428 -0.0931997 0.0794367 0.27389 0.282569 0.18185 0.0194726 0.303971 -0.139637 -0.107517 0.020444 -0.112675 -0.00423986 -0.0651104 -0.111881 -0.0299736 -0.0109398 0.0139556 0.0438728 -0.0574471 0.104281 0.0599359 0.0116213 -0.00822256 0.0160745 0.0408904 0.0245207 0.0288716 -0.0263155 -0.0586704 -0.011232 0.036417 -0.0625676 -0.00255262 0.0163524 -0.0125827 -0.0200024 -0.0244545 -0.00396108 -0.00358994 -0.00139696 -0.0409557 0.0316379 -0.0150426 -0.136083
0.209515 -0.022583 0.223807 -0.0209744 0.0163651 0.241604 0.0321533 -0.633579 -0.0406788 0.0431389 -0.386425 -0.137004 0.0227114 0.331349 0.143826 -0.150811 0.116535 -0.0781284 -0.0245388 0.20022 -0.022817 0.00480296 0.0876309 0.0427489 -0.0681934 -0.0301315 0.0401047 -0.0147604 -0.081348 -0.0571677 0.00678758 -0.0478624 0.0385026 0.0427593 -0.0246238 -0.0156028 0.0322822 0.0299105 0.00325221 -0.000430983 -0.0352298 -0.0133989 -0.0223274 -0.016038 -0.000301762 -0.0193594 -0.0201754 -0.0104729 0.0060626 0.00104594 -0.0160983 0.0169359 -0.0175705 -0.136083
0.217502 -0.0354933 0.232235 -0.00872192 0.0396986 0.00463482 -0.000532213 -0.207997 -0.0528556 -0.0968255 0.254598 -0.0847196 -0.0589978 -0.177671 -0.483702 0.223105 0.505864 0.266988 0.0219214 -0.0985258 0.0774459 -0.0286814 -0.0261579 -0.0256998 0.0516859 0.1773 -0.0767072 -0.0220162 -0.0372377 0.0523061 -0.0634774 -0.0489581 0.0179778 -0.0685795 -0.0464076 -0.0237458 0.062624 0.012985 0.0791154 0.00325709 0.0502818 0.028214 -0.0586224 0.0087069 -0.0182004 0.0655704 0.0175636 0.00652134 -0.026092 -0.0494248 0.0347606 0.0166035 0.000107755 -0.136083
0.225747 -0.0553457 0.215515 0.011057 -0.032467 -0.0820402 0.181578 0.0524616 -0.0198226 -0.175023 -0.0136726 -0.387728 0.00279781 0.133139 -0.352219 0.19288 -0.555599 -0.0734571 0.012962 -0.174762 -0.166277 -0.0017993 0.0689474 -0.0194906 0.0101779 -0.195356 0.129189 0.0264924 0.0886324 -0.023007 -0.0248324 -0.00952436 -0.0292852 0.0500118 0.0436808 0.0236816 0.0664218 -0.00854593 0.00358597 0.0438317 -0.0101169 0.044982 0.0544136 -0.020651 0.0550603 0.0788437 0.059658 0.0449974 -0.0119792 -0.0104034 -0.0367542 0.0107058 0.0140987 -0.136083
0.226246 -0.0260951 0.250164 -0.00931982 0.0701082 0.0574539 0.00749854 0.190145 0.0380083 -0.127552 -0.0366559 -0.0181999 -0.0667902 -0.177793 0.0906773 -0.307223 -0.301431 0.455646 -0.16084 0.355434 0.304575 -0.0452795 0.0192955 0.020207 0.104625 0.2006 -0.127629 -0.089911 0.0755363 -0.022978 0.0746452 0.0398151 -0.042572 -0.0298944 0.00796116 -0.0176915 -0.0836291 -0.00793635 -0.0304219 0.0078811 -0.0252423 0.0480341 0.0418702 -0.0434905 -0.0541145 -0.0545754 -0.053663 -0.0153523 -0.0168846 0.0151688 0.003239 0.0264136 -0.0355274 -0.136083
0.231212 -0.0471259 0.236044 0.0173968 -0.138473 -0.0925508 0.128678 0.0494203 -0.0403806 0.384427 -0.230973 -0.0902627 0.118194 -0.637934 0.267873 0.0431025 0.0764813 -0.12866 0.00414213 -0.185618 -0.119247 -0.0777845 -0.0126907 -0.0248493 0.026373 -0.0693997 0.00377819 0.0260067 -0.00525111 -0.0837479 -0.0419439 0.0580623 0.0331838 0.0323806 0.0129853 -0.0402356 -0.0263303 0.00762732 -0.00246639 -0.00652343 -0.0694188 -0.0538378 -0.0127917 0.000579924 0.0528178 0.0220255 0.0290227 0.000464965 0.0248564 0.0466849 0.0105952 -0.0404633 0.00264433 -0.136083
0.220031 -0.024536 0.238202 0.00414719 0.0554384 -0.0159704 -0.241584 0.152015 0.211091 0.333446 -0.177016 0.586068 -0.291286 0.217669 -0.219431 0.0525265 -0.0819896 -0.0704189 0.00916319 -0.126056 -0.013631 0.0381366 0.079397 0.0626356 0.0488288 -0.0404969 -0.0208165 0.0597408 0.0616295 -0.0441713 -0.0355701 -0.0430341 -0.0135418 -0.0369991 -0.00661816 0.0241684 -0.0351988 -0.0126414 0.0231021 -0.0365746 0.090102 -0.0114846 -0.0251337 -0.0212469 0.0222561 -0.0258948 0.0308708 -0.0151907 -0.00321748 -0.0273726 0.0191787 -0.0346698 0.0365852 -0.136083
-0.0324923 -0.266361 -0.0976035 -0.0184674 -0.185565 0.0518822 -0.0241426 -0.0224039 0.0349383 -0.0477627 -0.030711 -0.0563561 -0.0929197 0.036981 0.22068 0.116669 0.0589846 0.171127 -0.206778 -0.0587168 -0.247471 0.419162 -0.00421703 0.0262342 0.130366 0.0291594 -0.167384 0.020194 0.214845 0.0853267 -0.21982 -0.15067 -0.109653 -0.150583 0.111522 0.235238 -0.0620968 -0.250018 0.170242 0.196241 -0.0308333 0.0572828 0.00534157 -0.127652 0.0145538 -0.0735467 0.041052 0.0574312 0.127563 -0.0802423 -0.0352015 0.022509 -0.0466013 -0.136083
-0.0185976 -0.213149 -0.060507 -0.0408301 -0.172278 -0.00906428 0.0896141 0.0248761 0.0740041 0.0884282 0.111743 -0.0103607 0.0268549 0.11605 0.00892977 0.221853 -0.0328253 -0.153163 -0.520894 -0.00626517 0.281466 -0.0397378 -0.0735241 0.0170608 -0.243077 -0.0382011 -0.37914 -0.0224313 -0.0688256 -0.0741053 0.0178673 -0.0223222 0.0941278 0.292888 -0.0177448 -0.0677492 0.0156858 0.131327 0.149641 -0.123787 -0.0968695 0.00779692 -0.0455741 0.0854081 -0.0407002 0.0262821 -0.0485767 0.0168961 -0.141479 0.0445139 -0.00609391 -0.0604955 0.00887199 -0.136083
-0.0124561 -0.221215 -0.0921399 -0.0324179 -0.204039 -0.108599 -0.032497 0.144932 0.039823 0.210085 0.0728323 -0.125275 0.035599 -0.0170787 -0.208131 -0.0944095 0.099981 -0.243694 -0.0433305 0.451988 -0.00608705 0.0409994 0.283714 -0.00339054 0.148757 -0.166946 0.114467 -0.283511 -0.125107 0.228049 0.0242009 -0.0838845 0.0852145 -0.219748 -0.0443558 -0.190036 0.0280505 -0.0311842 -0.0331132 0.0814163 0.0571427 0.0288286 0.0523475 0.0161515 0.0139433 -0.00327265 -0.10945 0.0107217 0.0726346 -0.0841051 0.0285588 -0.0421751 0.113393 -0.136083
-0.0156875 -0.236369 -0.0827085 -0.0220493 -0.181607 -0.0128258 0.0341121 0.016082 -0.0762173 0.0690353 0.0544366 -0.0384684 0.0954345 0.0662029 -0.0738589 -0.117591 -0.0136751 -0.256677 0.0424393 -0.0070732 0.15693 -0.186233 -0.000585915 -0.0227166 0.096586 0.528496 0.280814 0.0891809 0.13789 -0.173438 -0.113229 -0.100842 -0.169263 0.170151 -0.214592 0.226501 -0.136055 -0.112228 -0.083653 -0.103518 0.100572 0.0843471 -0.0635824 -0.0244037 -0.00917009 -0.0306415 0.139612 -0.00112658 0.0863807 -0.034328 -0.0259894 -0.04907 -0.0502025 -0.136083
-0.0143557 -0.269403 -0.0938189 -0.027342 -0.193455 0.0174366 -0.0750295 0.0109151 -0.0947797 -0.0526515 -0.016349 0.0407976 -0.0705359 -0.0795945 -0.0483203 0.00604389 -0.0631612 0.140595 0.211833 0.140996 -0.0734612 0.274879 0.0218931 -0.286335 -0.390231 0.0265737 -0.015421 0.324466 -0.200876 -0.295547 0.208726 0.0738198 0.0729466 -0.125511 -0.0338589 -0.125578 -0.0257301 -0.0194575 -0.0671552 -0.0361541 0.211538 -0.0508347 -0.0386898 -0.0653651 0.0841477 0.0783455 0.0622328 -0.0620685 -0.0640778 0.0995978 -0.0588694 0.032262 0.0610373 -0.136083
-0.0178702 -0.229959 -0.0784954 -0.0275923 -0.209154 0.0378205 -0.0135217 -0.0492854 0.036918 -0.173065 0.0569562 0.120336 -0.0294634 0.07705 0.14023 -0.149781 0.0456771 0.152806 0.0181275 -0.459443 0.163574 -0.24042 0.371667 -0.174557 0.0847149 -0.0970828 0.163643 -0.121583 -0.0815463 -0.0205707 -0.0310524 0.123293 0.101049 0.0585603 0.231292 -0.136996 0.00957577 0.0584219 -0.0615292 0.195741 -0.015429 -0.00339131 0.0248057 -0.116747 -0.0461753 -0.038134 -0.10638 -0.097442 -0.0629496 -0.0780657 0.0602113 0.0329983 -0.137975 -0.136083
-0.0298068 -0.233981 -0.106249 -0.00570907 -0.11909 0.0964741 -0.118085 0.0598236 -0.0160871 -0.0252559 0.00726195 -0.00311249 -0.173825 0.0203708 0.0302759 -0.00963007 0.12368 0.312514 -0.0185028 0.0884774 -0.378841 -0.314248 -0.188836 0.234883 -0.0439195 -0.247536 0.169495 -0.0706503 0.251991 -0.0383702 0.0972167 0.117273 -0.0222804 0.213733 -0.287731 -0.0311255 0.0485623 0.0602937 -0.0663685 -0.123565 -0.0320689 -0.0203863 0.0726421 0.172565 0.0572357 -0.0186886 -0.029294 0.0382228 -0.0278515 -0.0355571 -0.0345164 0.00787234 0.0155399 -0.136083
-0.0183972 -0.232355 -0.0680721 0.0193063 -0.234748 0.0125174 -0.0218949 -0.0293135 -0.16663 -0.000576463 -0.155449 0.0842737 0.0787949 0.00379412 -0.157354 -0.117282 -0.113474 -0.00883509 0.37604 -0.0724329 0.185241 0.00471906 -0.386173 0.249604 -0.00973187 0.0145333 -0.152693 0.0032943 -0.090124 0.365407 -0.0423622 0.022391 0.125516 -0.077305 0.206493 0.127876 0.0954901 0.0805473 -0.0490482 -0.100853 -0.215118 -0.0526605 0.019352 -0.0163354 -0.074812 -0.043718 -0.0181939 0.0682168 0.0224644 0.113286 0.0235397 0.0528391 -0.032478 -0.136083
0.22147 0.151673 -0.282662 0.00814474 0.140456 0.0124826 0.121699 0.118328 -0.438333 0.189703 0.0659844 -0.220428 -0.619509 0.0775179 0.157662 0.0157789 0.0403486 -0.0340727 0.110119 -0.0546295 0.181063 0.0284017 0.0745843 0.0333377 -0.0740064 -0.021166 0.00437939 -0.0626892 -0.0211442 0.00985096 -0.0656877 -0.036512 0.0271383 -0.0160622 0.0106729 0.0525642 -0.0293647 0.0105238 0.0116216 -0.0322789 0.00408209 -0.0110048 -0.0206914 0.028267 -0.022898 0.00120928 0.000322934 0.00783913 -0.0365234 -0.0300762 -0.00264085 -0.0184529 -0.00230811 -0.136083
0.219618 0.133115 -0.221913 0.0232082 -0.0473759 0.214456 -0.338729 -0.255722 -0.313218 -0.285809 0.159694 0.317042 0.0551369 -0.30881 -0.00474759 0.14611 -0.248499 -0.256455 -0.12391 0.0995918 -0.10095 -0.00348434 0.0706912 0.030529 0.125062 0.01125 -0.0171085 -0.0950932 0.019781 -0.01565 0.002162 0.047416 -0.0240727 0.0102306 -0.0155848 -0.0221016 0.00662585 0.0276265 0.0563961 -0.0291768 -0.0258518 -0.0254689 0.0500873 -0.0264028 0.0121741 0.0422021 -0.02242 -0.0267755 0.0204215 -0.00623317 0.00554277 0.0211472 0.00417186 -0.136083
0.232104 0.148603 -0.291283 -0.0144109 -0.116081 -0.208928 0.331515 -0.0442024 0.125235 0.0171226 -0.0921817 0.196219 0.261501 0.13809 0.151402 0.476944 0.00578222 0.228983 0.26828 0.219416 0.124851 -0.0669403 0.104954 0.0593648 0.107274 -0.00184624 0.0218452 -0.00319678 0.112643 -0.0365249 0.00884552 0.00793537 -0.0476818 -5.6257E-005 0.0230967 -0.0333899 -0.0127723 -0.0379685 0.0168315 -0.0332458 0.0536173 0.0057236 0.0123392 0.0313495 0.00822632 0.00501043 -0.0110802 -0.0241651 -0.0691243 0.00955869 0.0187177 0.0179527 -0.00325192 -0.136083
0.24381 0.173863 -0.283105 -0.0500118 -0.0446434 -0.24447 0.39487 -0.0511689 0.243761 -0.258319 -0.075131 0.169952 -0.143278 -0.0828092 -0.17263 -0.414867 0.121342 -0.14888 -0.225751 -0.0348912 -0.163898 0.0718322 -0.181429 -0.0203632 -0.072614 0.0113569 0.0521602 0.0865661 0.0154941 0.0235757 0.00950841 0.0589563 0.095364 -0.0283809 -0.0432066 -0.0208591 0.00484991 0.0107191 -0.0199871 0.0507387 -0.0503704 -0.00370413 -0.0155581 -0.0521019 0.00597988 -0.0347814 0.0198769 0.00916043 0.0346025 0.0189661 0.00827317 0.00394012 -0.0171405 -0.136083
0.224504 0.1463 -0.260717 -0.015643 -0.00850134 0.173204 -0.468005 0.21471 0.464599 -0.176128 -0.241063 -0.373115 0.0159869 -0.0369254 0.0295961 0.064099 0.11515 -0.0843155 0.105501 -0.0844988 0.12357 -0.0456428 -0.0109617 0.0161105 -0.00793405 0.0277733 -0.0683141 0.0457367 -0.0830717 -7.73401E-005 0.0318089 -0.0596427 0.00813765 0.0379575 -0.00739237 -0.00026243 0.0149331 -0.0222293 -0.0091315 -0.0181379 0.0143301 -0.0269351 -0.0828241 0.02525 0.000714525 -0.00119842 0.0569806 0.0503662 0.0495692 -0.0165955 0.0138149 -0.00248162 0.0135753 -0.136083
0.226865 0.13426 -0.282278 -0.0207741 0.128687 0.0858295 -0.13113 -0.0231137 -0.103438 0.475928 0.214522 -0.0634095 0.445576 0.160435 -0.127874 -0.254634 -0.0785078 0.273423 -0.122445 -0.169961 -0.132633 0.0578405 -0.0703772 -0.139621 -0.0604646 -0.0344456 -0.0143714 -0.00256679 -0.0470791 0.0278764 0.0232039 0.00285613 -0.0497386 0.00616734 0.0187913 0.0505074 -0.0225225 0.00403069 -0.0320327 0.0342684 -0.0100972 0.0626653 0.0350227 -0.0069613 -0.0220698 -0.00375399 -0.0349279 0.00327566 0.0134474 0.0284176 -0.0389772 -0.0321192 0.00242688 -0.136083
-0.0624844 -0.130616 -0.0605912 -0.0142738 0.26714 0.0215047 0.0108482 0.0479184 -0.0270433 -0.0589207 0.0463804 0.0119132 0.149621 -0.0733155 -0.0414182 -0.124481 0.0574332 -0.0655629 -0.00194093 0.083256 0.158455 -0.241392 0.0945786 0.268042 -0.0776166 -0.310025 0.0356552 0.24331 0.068069 -0.310417 -0.218195 -0.055066 0.0232861 -0.307034 0.0372914 0.239673 0.107187 0.00669229 0.312601 0.140601 0.0863814 0.00395316 -0.0410042 0.0029839 -0.0249753 -0.0142567 -0.0145587 0.0209518 -0.0538667 0.199313 0.044982 -0.00169333 -0.0044627 -0.136083
-0.0696698 -0.115267 -0.029679 0.0121258 0.283777 -0.0711641 0.0368779 0.032656 0.0276483 -0.0729306 0.0129425 0.0856555 0.0695686 -0.0197137 0.0724395 -0.0470223 -0.0607916 0.0666434 0.172645 -0.0104204 -0.168774 0.0480079 0.0158815 0.0294737 0.0618399 0.0849602 -0.0707531 -0.307668 -0.102503 -0.172008 -0.0481044 -0.368705 0.505582 0.205105 -0.043507 0.0314144 -0.120961 0.0921741 0.0195388 0.0237954 -0.0356064 -0.0152817 -0.119387 -0.0798995 0.000439245 0.28129 0.134786 0.173355 0.0317652 -0.0641447 -0.0578281 -0.0362166 0.0714103 -0.136083
-0.0662434 -0.13958 -0.0614864 0.0152612 0.171885 0.0174879 0.064458 -0.0201612 -0.0137665 0.00400147 0.0510118 -0.0694234 -0.0106163 0.054186 0.000746729 -0.0862319 0.0653149 -0.0809102 0.046977 -0.0829786 0.0308373 0.164732 -0.00173018 0.0770263 0.622928 -0.0782636 -0.173891 0.362789 -0.0369927 -0.135861 0.210498 -0.0322981 -0.0974587 0.0442806 -0.0620583 -0.288318 -0.0516025 0.0288901 -0.0351596 -0.146708 -0.121598 -0.0815448 0.229889 0.0292922 -0.0264031 0.0627765 0.0223738 -0.0208617 -0.106332 0.0182713 -0.0599411 -0.0409478 -0.060222 -0.136083
-0.0667552 -0.121916 -0.0315845 0.00827706 0.284041 0.0111763 -0.00803442 -0.0201799 0.0367966 -0.0103934 -0.0573337 -0.0126946 0.0500065 -0.0579152 -0.123882 -0.0501235 0.107979 -0.165679 0.236641 0.121604 0.0981717 0.127539 -0.0108293 -0.295833 -0.146864 -0.150944 -0.180292 -0.146248 0.480688 0.0136602 -0.161578 0.291075 -0.174314 0.234894 0.0731316 -0.0344559 -0.175783 0.109077 -0.0452951 0.0355502 -0.0354975 -0.0200352 0.0504642 -0.152107 -0.0188373 0.058762 -0.0809 -0.0286758 0.0374577 -0.0793983 0.0365237 -0.0180502 -0.0365987 -0.136083
-0.064173 -0.112126 -0.0239694 -0.0468813 0.218097 0.0348194 -0.0155327 -0.103068 0.0275917 0.0682345 -0.0104811 0.0163932 -0.0292355 -0.00653245 0.0970779 0.219677 -0.0435807 -0.0597391 -0.197147 -0.0497166 0.227059 -0.0565818 -0.41368 -0.180446 0.0685348 -0.083518 0.2818 -0.0804942 0.181842 -0.00104071 0.301074 -0.00306662 0.121189 -0.298863 0.0190796 -0.124353 0.107061 -0.110073 -0.191938 0.114345 0.0161419 0.0807519 -0.173521 -0.129269 -0.153566 -0.0194806 0.138685 0.0798657 0.0518306 -0.0534622 -0.0368958 0.081705 0.037091 -0.136083
-0.0585549 -0.164292 -0.0705463 -0.0428855 0.265349 -0.0275778 0.0463192 0.0492227 0.0702558 -0.000547549 -0.100268 -0.0195465 -0.00330497 0.0107252 0.0485023 0.0780647 -0.0532184 -0.00064038 -0.0350812 -0.0615337 -0.159852 0.141978 -0.110344 0.205682 0.000966511 0.259605 0.0907823 -0.32835 -0.337185 -0.111426 -0.23124 0.301797 -0.288267 -0.037675 0.0376036 -0.202273 0.242435 0.108912 0.0636371 -0.0695387 0.149641 0.0782702 0.0264503 -0.0545225 -0.0727699 -0.0377127 0.0189151 -0.126047 -0.0648557 0.104239 0.059441 0.040529 0.0252375 -0.136083
-0.0678676 -0.139548 -0.060145 -0.034748 0.377616 -0.0108251 0.0423021 -0.0498461 0.0422033 -0.0388926 -0.0356683 0.0628327 0.0486178 -0.18803 -0.0332096 0.099232 -0.0117707 0.0408948 -0.0920246 -0.0457909 0.0314577 0.0574161 0.274418 0.230186 -0.334306 0.0592264 0.200425 0.182014 -0.0556154 0.304247 0.101294 -0.235737 -0.0968673 0.128613 0.113128 -0.0562422 -0.0804628 -0.188012 -0.204929 -0.134314 -0.139779 -0.0479208 0.105758 0.0180837 0.115921 -0.198994 -0.0903106 0.0510096 0.00730678 -0.0805641 -0.0722079 -0.00796322 -0.0262739 -0.136083
-0.0666156 -0.148329 -0.0594869 -0.000376652 0.236891 -0.0711426 0.0444329 -0.107398 0.0876164 0.00809126 -0.0594642 0.0154682 -0.122425 -0.0169764 0.0579738 0.0720002 -0.13624 -0.0109494 0.0231199 0.0554066 -0.156741 -0.363309 -0.0697902 -0.448784 0.12216 0.0798858 -0.200789 0.086651 -0.23973 0.29383 0.0268596 0.0209505 -0.0232467 -0.0375103 -0.0754996 0.241339 -0.012453 -0.0636421 0.148219 0.079371 0.123525 -0.0810407 0.0542798 0.278896 0.093571 -0.00965972 -0.107336 -0.101432 0.0747342 0.0327081 0.0420829 -0.00822323 -0.0467207 -0.136083
-0.0954208 0.0838033 0.0144884 0.165234 -0.00612485 -0.183799 -0.105688 -0.059868 0.036001 0.0561547 0.0603602 -0.107894 -0.00362024 0.0238994 0.108459 -0.00415957 -0.0483269 0.0101099 -0.0662447 -0.00820555 -0.0648095 -0.0307444 0.114593 0.0439007 0.0135421 0.160041 -0.0419876 0.108711 0.250311 0.271939 -0.0010116 -0.0554899 0.12427 -0.0900119 -0.140979 -0.00682121 0.231946 0.387942 -0.00768118 -0.0721198 0.227016 -0.239779 -0.0905412 -0.398815 0.152059 -0.0689607 0.0125037 -0.117359 -0.172985 0.126042 -0.151715 -0.0172001 -0.103779 -0.136083
-0.102711 0.121203 0.0483054 0.191569 -0.0471562 -0.160418 -0.14398 -0.0362062 0.0382534 -0.00717745 -0.0612819 -0.0369581 -0.0552984 0.000721324 0.0100428 0.105872 0.0292713 0.0085644 -0.0229352 0.0504825 -0.0359517 -0.0481857 -0.129942 -0.0185745 -0.036366 0.00745898 0.203829 0.0847706 -0.184262 0.0230778 -0.0665574 0.0876078 0.0402804 -0.0704556 -0.0426328 0.0908345 -0.401788 0.0676913 0.12847 0.0285906 -0.142218 0.337701 0.247502 -0.227817 -0.208605 0.0808012 -0.261023 0.0642667 -0.286616 -0.0404375 -0.224492 -0.143997 -0.00401915 -0.136083
-0.0910655 0.0725964 0.0459916 0.178204 -0.0184296 -0.177283 -0.0789873 -0.105131 -0.0626982 -0.0649565 -0.0331837 -0.0191716 0.0615867 0.00729939 0.036214 -0.105596 -0.0733591 0.0249702 0.0607042 -0.158706 0.050814 0.0942834 0.105743 0.00403072 -0.0515091 0.030923 -0.0289427 -0.0303783 0.173379 0.0969964 -0.0590309 0.131273 0.14694 -0.0485786 -0.103871 -0.319616 -0.0994621 -0.140844 0.273037 -0.128483 0.224809 0.0591972 -0.106918 0.414739 -0.248237 -0.262061 0.0972584 0.20998 0.114901 0.0651618 -0.174778 -0.0847405 0.0420246 -0.136083
-0.0889843 0.0627338 0.028092 0.187258 -0.0331218 -0.206758 -0.0611387 -0.10299 -0.0570364 -0.0454256 0.00898894 -0.040709 0.00881252 0.0307554 0.0444156 -0.139389 -0.0104745 0.000970261 0.037966 -0.103286 0.0168202 -0.0797351 -0.0632402 0.13939 -0.0217084 -0.0656088 -0.122737 -0.117535 0.0131836 0.0206597 0.286463 -0.0361985 -0.190082 0.0441991 0.0504713 -0.0251482 -0.0491925 -0.380713 0.131359 -0.112479 0.132506 0.0882348 -0.192673 -0.207479 0.232074 0.174897 -0.08025 -0.0841724 -0.10803 -0.0369302 0.408353 -0.195526 0.214823 -0.136083
-0.0986307 0.108039 0.0258538 0.149399 0.00520263 -0.195042 -0.160323 -0.0631435 -0.046458 0.0588809 0.0589266 -0.0439828 -0.0363983 0.0137488 -0.00940835 0.0412379 -0.0294231 0.0406983 -0.0952176 0.185714 0.013432 0.00723988 -0.0975181 0.1474 0.0872249 -0.0488614 -0.00300653 0.28305 -0.08948 0.00364807 -0.342646 0.143225 0.194256 0.26474 0.144772 -0.116056 -0.00625144 -0.120933 -0.363848 0.301487 0.0776963 0.115646 -0.181134 0.128034 0.0779519 0.0584678 0.0796712 -0.18908 0.080285 -0.0169104 0.11988 0.0795949 -0.116409 -0.136083
-0.090549 0.0623138 0.0300383 0.18638 -0.0453213 -0.273531 -0.0847935 -0.0673213 -0.0209196 -0.0572685 0.00235494 0.0547136 -0.0151194 -0.0135304 0.0101557 -0.00961298 -0.0385809 0.0857473 0.0387508 -0.0416448 0.1181 0.0907622 0.0372478 -0.160209 0.00864123 -0.19957 -0.0290466 -0.082417 -0.194273 -0.154752 -0.111618 -0.189784 -0.355187 0.00413065 -0.3794 0.0780613 0.138989 0.0992565 -0.172731 0.0374652 -0.327432 -0.120778 -0.22016 -0.0204489 -0.0592672 -0.155616 -0.114998 0.176962 0.134453 0.0348956 0.00424166 0.135295 0.0402568 -0.136083
-0.094004 0.0814782 0.0264901 0.146677 -0.0500611 -0.167357 -0.117391 -0.0614389 0.0417672 -0.0082383 0.0192941 -0.00450106 -0.0201951 0.0344021 0.0325143 -0.0547392 0.070165 0.0558667 -0.107726 0.0276565 0.145963 0.0386774 -0.0638785 -0.138808 -0.0150944 -0.0458484 0.191665 -0.147369 0.0249301 -0.0832509 -0.0730752 -0.0552898 -0.050455 -0.107666 0.283659 0.0601426 -0.0435868 0.127867 0.0980131 -0.255162 -0.126095 -0.0320386 0.328042 0.216954 0.443338 0.106777 0.370143 -0.0597877 0.0510636 0.0273303 -0.052281 0.16223 0.0291627 -0.136083
-0.0907121 0.0722035 0.00872206 0.157276 0.00140608 -0.198004 -0.0693522 -0.0254365 0.0120642 0.0665841 -0.00104946 -0.0605233 -0.0225119 0.0319214 -0.0285809 0.0265753 0.0260134 -0.082345 0.0166709 -0.00624201 -0.161511 -0.0771227 0.18608 0.117214 -0.142175 0.265278 -0.238167 -0.0456489 0.150766 -0.254491 0.315341 0.0920549 0.093661 -0.150153 0.127621 0.175077 0.256185 -0.0133706 -0.1585 0.088062 -0.172895 0.0402937 0.285703 0.117536 -0.288417 0.0268779 -0.0604248 -0.050876 0.138461 -0.144204 0.091382 0.0868277 -0.0662716 -0.136083
-0.106504 0.0740691 0.0273424 0.137791 -0.0183569 0.121303 0.0935549 0.0267329 0.00946085 -0.0073165 -0.0721356 0.010508 0.0503666 -0.0641988 -0.0513792 0.0429384 0.0215339 0.048869 -0.0799387 -0.0755208 0.218061 0.352478 -0.0450059 0.113082 0.102965 -0.0771207 0.251126 -0.0481446 -0.0809242 -0.0158431 0.212273 0.166825 0.103964 0.183196 -0.080499 0.361894 0.0207837 0.13917 0.0581987 0.0923599 0.303391 -0.233167 0.0718191 0.142642 0.0425865 0.0707354 -0.282814 -0.0339048 0.209892 -0.103109 0.0222714 -0.109665 0.00431874 -0.136083
-0.10307 0.0526087 0.0128646 0.136336 0.0285168 0.264738 0.150989 0.0788455 0.0411532 -0.0275596 0.0397708 -0.0363973 0.0464727 0.0565761 -0.0680786 0.074836 0.00620545 -0.0144137 -0.0442907 -0.0180999 -0.119167 -0.0049386 0.120143 -0.0185273 0.105324 0.0332333 -0.0815801 -0.0468248 -0.0253358 -0.108813 -0.0726139 0.302576 0.228832 -0.272858 0.00882123 0.162737 -0.218702 -0.0303306 -0.207451 -0.316239 -0.237359 -0.0310978 -0.334507 0.0225958 0.184218 -0.271263 -0.0512832 -0.111314 -0.0784257 -0.0510138 0.0168781 -0.0532316 0.131467 -0.136083
-0.106907 0.107191 0.0290768 0.175723 0.00340529 0.23322 0.0933148 0.144329 -0.00917767 0.0595627 -0.0255001 0.0491749 0.0441913 0.00970058 -0.0618266 0.0191144 0.00496673 -0.014905 0.0765714 0.0252681 0.0438465 0.0630677 0.0553031 -0.0171506 -0.087432 0.0278385 0.0811974 -0.0238354 -0.0513966 0.137183 0.101128 0.0905001 0.107106 0.121964 -0.351254 -0.0747459 0.0729631 -0.225667 0.337818 0.255896 -0.305595 -0.0266711 0.0815701 -0.111703 0.00700057 -0.0445579 0.336555 -0.24933 -0.0938424 0.0367803 0.0972394 0.170173 -0.167519 -0.136083
-0.106469 0.137862 0.0305103 0.103466 -0.0809545 0.0989713 0.0244952 0.0491212 0.0267894 0.0642544 0.0739096 -0.021653 -0.083666 0.0210833 -0.113201 0.0200838 0.0251809 -0.00349101 0.0146932 0.169276 -0.153849 -0.120149 -0.129756 -0.0784361 0.0376188 0.109753 0.135944 -0.0458495 -0.00196779 -0.162523 0.0362486 -0.135374 -0.11681 0.17042 0.450323 -0.1244 -0.0165311 -0.130677 0.151928 0.127275 -0.0818304 -0.496955 -0.115035 -0.044638 -0.141654 -0.161218 -0.104823 0.0791783 -0.0538703 0.18271 -0.135843 -0.115003 0.0155004 -0.136083
-0.0982741 0.0928942 0.0150029 0.122456 -0.0473596 0.241186 0.137041 0.0754823 -0.000277139 0.0308329 0.000558494 0.0550876 0.0274557 0.0773273 0.0531638 -0.00116516 -0.037684 -0.00699648 -0.0421846 -0.0385633 0.00170887 -0.144575 0.00773758 0.0746313 -0.11195 0.18219 -0.057196 0.16054 -0.00647888 0.0855757 -0.130999 0.126702 -0.134927 -0.217322 -0.0620536 -0.257511 -0.0368419 0.0851941 -0.0028109 0.161913 -0.0172866 -0.136196 0.014188 0.00984426 0.193029 0.398462 -0.0709112 0.477302 0.13172 -0.242754 0.0473674 0.059507 0.0489034 -0.136083
-0.104647 0.0878102 0.0182379 0.14228 -0.0351731 0.214123 0.101206 0.0798725 0.0547285 0.0222044 0.00591765 0.0758512 -0.0383797 -0.0922886 0.0347391 -0.0752151 0.038658 0.0155399 0.0100577 0.120959 -0.0742447 0.0719362 0.131344 -0.219752 0.083774 -0.0661518 0.118952 0.157926 0.0180456 0.127265 -0.0187096 -0.0605767 -0.0466326 0.193073 0.203051 0.133914 0.435036 0.0393226 0.0439564 -0.297893 0.0292606 0.383739 -0.171779 0.034773 -0.203163 0.145625 0.0331428 0.190141 -0.146412 -0.0288102 0.0642119 0.0590294 0.0124768 -0.136083
-0.0875709 0.103366 0.0272834 0.149498 -0.0624115 0.270494 0.117255 0.0800158 -0.0100472 -0.0663195 -0.0633335 0.0246942 0.0168068 -0.00633871 -0.00623824 0.0425016 -0.00564966 -0.0191396 0.0217298 -0.0918953 -0.031757 0.0334908 -0.135245 -0.0961316 -0.0812416 0.0307013 -0.0197104 -0.0654264 0.142233 -0.0440629 -0.135346 -0.448455 0.00868983 -0.135883 -0.0786972 -0.201248 -0.0454564 0.149149 -0.193489 0.0633289 0.109485 0.175199 0.22416 0.160188 0.00799469 -0.10897 -0.187027 -0.20595 0.000348037 0.245461 0.31771 -0.189353 -0.0527252 -0.136083
-0.0918361 0.108763 0.0333466 0.154916 -0.0764821 0.181026 0.180811 0.0149333 0.0251049 -0.0234242 0.0420939 0.0419421 0.00944485 -0.049414 -0.0301674 -0.0342025 0.0440316 -0.0440585 0.0231206 -0.0356964 -0.00674148 -0.175036 -0.00610724 0.128955 -0.0397443 -0.222665 -0.27883 -0.121585 -0.164014 0.0235225 0.0762038 -0.101987 -0.220306 0.0177128 0.0423095 0.0728308 -0.162829 -0.0278669 -0.191157 0.00614846 0.362608 0.0795691 0.0557853 -0.149548 -0.133581 -0.0422701 0.276628 -0.133246 0.131705 -0.0939194 -0.401559 0.172004 0.0291251 -0.136083
-0.117702 0.121246 0.0573436 -0.273054 -0.0195631 -0.0188021 -0.00390984 0.0172766 -0.0314679 -0.0151603 0.0486668 -0.0040082 -0.0493855 0.0541512 0.0167058 0.100667 0.0217016 0.0911456 -0.0353062 0.0569739 -0.0443911 -0.0825939 0.0887669 -0.00656585 -0.00470424 -0.0653552 0.0227253 0.103843 -0.105828 0.0494114 0.0566412 0.117616 0.0149186 0.0369845 0.0227361 -0.0220164 -0.0776061 0.139867 0.0657495 -0.152524 -0.0946252 0.0877273 0.0402756 -0.275123 -0.0958278 -0.0221061 0.202652 0.05789 0.601429 0.232039 0.184775 -0.344 -0.0807633 -0.136083
-0.122646 0.149739 0.055953 -0.283381 -0.0304284 -0.0249252 -0.0162235 0.00686241 -0.0544601 0.0502421 0.0175073 -0.0425416 0.0109104 -0.0141483 -0.0284473 0.0164012 -0.00848775 -0.049966 0.0467004 0.0179039 -0.047006 -0.0139819 -0.0759808 -0.0147106 0.0613372 0.00566726 -0.0572825 0.0210738 -0.0550325 -0.0991727 0.0553066 -0.0162291 0.109323 0.126337 0.0217929 0.00670937 -0.0898187 0.075673 0.0906006 0.01899 0.20386 0.0855383 0.15343 -0.139838 0.149141 -0.473649 -0.0566934 0.33327 -0.110302 -0.148945 0.30027 0.429353 -0.00756801 -0.136083
-0.114905 0.121313 0.0628491 -0.271364 -0.0516797 -0.0347758 -0.0330631 -0.0171535 0.0283303 0.00620861 0.00729257 -0.0105532 0.0102187 -0.0139998 -0.022531 -0.0161624 -0.0114571 -0.0227552 -0.0366774 -0.000169867 -0.0362104 0.0780099 0.0441197 0.0268738 -0.0377681 -0.0917044 -0.00511907 -0.171022 -0.0211672 0.0268748 0.00140958 0.0180145 -0.0644631 -0.145745 -0.0649524 0.106216 -0.138864 -0.16718 -0.163412 -0.157856 0.0926381 -0.182356 -0.07716 0.127371 -0.115319 0.2496 0.0596137 0.127927 -0.276843 0.120124 0.0966304 -0.00575062 -0.645166 -0.136083
-0.113689 0.132795 0.0516285 -0.263011 -0.0244674 0.030166 -0.00662645 0.00614303 -0.0326326 -0.0236479 -0.0123012 0.0553307 -0.0181275 -0.00515546 -0.0107868 -0.0158248 0.0442726 -0.0414403 0.0952543 -0.0310818 0.0757271 0.0165369 0.0198175 -0.00797518 0.0386115 0.0555412 -0.125448 -0.116922 0.024526 -0.0566452 0.0713329 0.0987178 0.000716504 0.0603481 -0.0424615 0.0527 0.290651 -0.14942 -0.126197 0.273677 -0.0591847 0.243721 0.0663895 0.060493 0.400561 -0.0864615 -0.0328687 0.176921 -0.128199 0.194043 -0.388619 -0.34023 0.0335907 -0.136083
-0.118611 0.145677 0.0520903 -0.294067 -0.0422758 -0.0289379 -0.0119255 0.0473418 -0.0362502 0.00571056 -0.0191454 -0.00334429 0.032978 -0.00948847 -0.00057487 -0.0456682 -0.0679376 0.00619595 0.0851294 -0.00641356 0.01362 -0.0259091 -0.144939 -0.00896573 -0.0472716 -0.0138886 0.00751704 0.0514433 0.0251121 -0.100313 -0.0962052 -0.160058 0.0216555 -0.0637175 0.00104559 -0.171962 0.152289 -0.0444954 0.233928 -0.190678 -0.0754175 0.0494464 -0.136443 0.00143699 0.0734073 0.0421983 -0.291846 -0.379351 0.188133 -0.474952 -0.229018 0.0252755 -0.187097 -0.136083
-0.0901738 0.0332238 0.0208908 -0.230815 -0.0204151 -0.0322178 -0.0125486 0.0110429 -0.0354626 -0.00487411 -0.0245699 -0.00589352 -0.00174996 -0.0153736 0.0017852 -0.0152163 0.00321914 -0.0233379 0.0291883 -0.0204101 -0.0890352 0.0673019 0.0883146 0.122467 0.00701889 0.0863481 0.0444287 0.0354354 0.0729162 0.108105 0.288705 -0.0579176 -0.231706 -0.0234874 0.112663 0.0282115 -0.264934 0.439522 0.100248 0.290388 -0.120299 0.16241 -0.375385 0.277167 -0.0165449 0.0724512 0.101198 -0.155598 -0.0996021 0.0497386 0.0167768 0.105447 0.122714 -0.136083
-0.111721 0.106386 0.0431526 -0.271476 -0.0465238 -0.0156663 -0.0229576 -0.0349227 -0.0272404 -0.0485124 -0.0300634 0.00903583 0.0427188 -0.0301743 0.0416386 -0.0369693 -0.0441008 0.0659594 -0.0181065 -0.00148685 0.0360605 0.01209 -0.0102098 -0.0531088 -0.029561 -0.0436155 0.00272984 0.0747748 -0.018488 0.0672241 -0.199228 -0.00946469 -0.0182742 -0.0331673 -0.0717936 0.0896166 0.0845171 0.0181535 -0.115656 0.04084 0.00828925 -0.271348 0.175615 0.0550757 -0.25751 -0.035977 0.311396 -0.0806828 -0.286413 -0.350192 0.141756 -0.320106 0.401263 -0.136083
-0.11522 0.128099 0.0527533 -0.277352 -0.0385921 0.0135363 -0.0096406 -0.000685662 0.0236345 0.00696328 0.00157417 -0.020757 -0.0271748 0.0282864 0.0261541 -0.00440871 0.01941 0.00576902 -0.0486485 -0.0989629 0.0295435 0.0038556 0.0848035 -0.00947457 0.0280532 0.0467942 0.0249126 0.00919072 0.111291 0.0799508 -0.109413 0.029973 0.0917527 0.0348952 -0.0940218 0.0112422 -0.0313656 -0.225887 -0.0680063 -0.111366 -0.017862 -0.0835858 0.0981654 -0.0307977 -0.122375 0.283369 -0.2359 -0.13384 0.0651943 0.414096 -0.0858329 0.424491 0.41632 -0.136083
